165
169
157
168
170
171
172
159
164
172
180
176
170
184
175
175
180
173
174
162
164
165
163
162
162
163
163
168
168
166
172
170
181
175
176
176
175
171
165
165
166
170
167
161
159
165
163
153
161
156
156
159
156
151
151
163
156
151
151
159
159
158
161
157
165
161
170
169
163
168
164
165
163
169
167
150
161
159
165
169
167
164
146
162
162
163
174
164
161
165
163
162
160
159
159
162
160
161
163
167
164
163
169
165
174
162
159
169
177
175
176
176
179
172
175
171
175
167
168
168
161
161
161
160
169
165
163
160
165
154
163
163
169
158
162
152
158
165
157
158
154
154
155
152
151
152
150
158
153
150
150
143
150
150
146
139
141
146
133
134
139
137
141
140
135
133
133
142
139
141
135
142
141
141
142
137
142
140
139
141
149
143
145
153
153
144
146
139
140
152
146
147
142
154
145
148
148
152
151
153
145
153
149
147
154
148
151
141
148
151
150
148
144
144
152
151
148
147
148
148
146
143
146
144
141
149
142
139
135
151
136
133
128
123
120
114
105
108
101
100
110
101
97
91
96
98
71
76
88
124
148
151
156
151
161
157
154
157
154
149
147
148
147
152
153
147
150
151
149
146
150
148
152
144
147
136
139
144
140
146
138
141
138
142
141
144
141
138
140
137
141
138
137
132
133
138
139
135
145
136
143
132
137
145
135
143
133
138
137
134
139
138
135
141
144
134
135
138
126
122
122
121
129
126
119
129
124
128
129
129
126
125
126
137
136
138
139
131
135
133
140
130
126
131
128
133
127
126
113
116
113
112
108
117
126
127
129
110
118
119
112
113
114
121
113
116
109
103
100
90
90
88
89
96
89
97
95
92
91
91
82
89
86
83
80
80
80
80
83
87
79
82
75
76
80
75
77
75
68
70
74
76
71
71
69
71
65
63
67
60
67
59
60
58
58
60
64
62
58
59
60
64
56
56
53
58
54
54
47
60
55
56
52
59
55
52
53
51
49
49
51
49
48
48
48
48
45
50
50
51
53
48
49
52
49
51
49
49
54
53
49
52
51
54
53
54
53
57
55
53
47
44
49
45
45
42
44
44
42
47
48
49
47
46
47
46
44
40
41
37
40
44
41
44
39
38
41
36
33
35
33
32
37
36
32
35
32
34
30
34
32
34
33
33
32
33
30
31
28
30
28
29
26
29
26
29
28
29
27
24
28
29
27
26
26
27
29
28
25
28
29
23
23
20
20
22
21
22
18
20
19
20
17
13
15
14
15
12
13
13
14
16
15
13
14
16
14
16
12
14
15
14
10
12
13
12
16
13
15
14
14
12
13
13
14
13
8
8
9
10
10
11
10
10
9
10
10
10
12
10
9
8
9
9
8
9
8
9
9
7
7
7
9
7
10
10
10
8
8
9
8
7
7
6
6
6
8
8
8
10
8
11
11
10
12
9
11
8
9
9
13
13
11
11
11
12
12
9
10
10
9
8
9
8
10
9
6
9
7
8
9
9
7
12
10
9
10
9
12
10
11
12
12
15
10
9
8
8
9
9
9
11
11
8
9
9
10
9
9
11
11
10
11
9
10
8
8
9
9
10
11
11
9
13
9
10
10
9
8
11
10
8
9
9
8
9
7
8
7
8
9
12
12
10
12
12
11
12
12
11
12
13
11
11
11
11
12
13
12
11
15
13
15
16
13
16
18
20
20
16
20
18
18
17
17
19
20
18
19
16
20
21
22
20
23
20
20
20
28
24
26
24
20
22
23
22
23
21
24
21
24
23
25
24
24
26
28
32
27
25
27
27
28
26
28
30
31
34
32
34
33
34
35
33
36
34
32
36
36
39
37
35
41
41
41
42
42
48
40
44
43
48
44
45
52
44
45
45
45
48
47
48
44
52
48
51
50
51
46
53
51
57
53
54
54
55
56
54
57
59
63
64
67
64
63
63
68
68
69
67
74
71
71
80
76
84
85
80
81
89
88
94
85
89
99
100
93
98
103
105
97
94
103
100
95
98
99
96
97
104
108
108
115
