206
251
1087
1403
1894
1895
1897
1898
1899
1900
1902
1903
1905
1906
1907
1909
1910
1912
1913
1914
1915
1916
1917
1918
1919
1921
1922
1923
1924
1925
2041
3118
3156
3238
4763
5468
5469
7632
7852
8896
8900
8994
10319
10355
11055
11064
11065
11074
11075
11096
11097
11098
11182
11233
11234
11250
11251
11266
12694
13150
13198
13219
13278
14074
14596
15580
15593
15600
15604
15608
15613
15616
15617
15652
15656
15662
15663
15674
15675
15682
15683
15717
15737
15859
16012
16067
16100
16185
16190
16198
16208
16252
16261
16827
17519
17520
17570
17635
18870
18920
19014
19047
19961
20013
20014
20015
20016
20032
20033
20034
